Inverse kinematics test:
R1 = 1.0
R2 = 0.5
L1 = 1.0
L2 = 1.0
x = 0.3
y = 0.3
z = 1.5
thetalist =

    0.5333     0.3388    -0.0516
Forward kinematics test:
R1 = 1.0
R2 = 0.5
L1 = 1.0
L2 = 1.0
thetalist =

    0.5333     0.3388    -0.0516
p_guess =

    0.2000     0.4000     1.3000
p =

    0.3000     0.3001     1.5000
Jacobian test:
R1 = 1.0
R2 = 0.5
L1 = 1.0
L2 = 1.0
x = 0.3
y = 0.3
z = 1.5
J =

  0.6484  -0.2927  -0.4229
  0.0732   0.6979  -0.8267
 -0.7786  -0.6523  -0.0808